# Created by Octave 5.2.0, Tue Aug 25 11:28:50 2020 +06 <sharif@sharif-2.local>
# name: op
# type: matrix
# rows: 3
# columns: 1
 1
 2
 3


